4127 767
3703 7138
8432 4457
5699 4224
957 3435
7926 7879
7716 9167
4713 2104
9300 3788
6701 7209
5309 4783
9891 9198
1215 8075
6061 5959
1376 22
837 8377
7862 1437
1355 6559
7422 5954
2542 687
153 1762
740 711
4689 4573
4023 4853
5404 5137
6627 5159
3886 5994
7920 579
1263 5526
2808 6965
6692 5886
858 1002
5139 1994
7352 9230
3235 5476
6177 7872
5996 6220
2497 29
7248 4505
9269 9075
9252 9867
7678 1190
5532 3251
8763 4317
6186 2571
2779 8328
4496 3882
2329 8625
5350 8311
6318 1044
4829 5632
7210 6305
8961 2284
6938 2117
2589 753
5052 9049
3862 1081
7451 832
3136 923
4438 9362
3944 8198
464 8753
5166 1868
753 950
6727 5262
5726 6713
4835 191
8588 3180
8091 2522
4926 9755
9008 7257
2539 8760
5207 6720
1690 8026
7962 8587
5535 719
1459 589
3454 309
2684 5696
4765 8962
8335 6094
4879 5367
1148 5456
944 1279
5892 3437
3774 4671
1192 8931
7875 8247
4992 5559
9535 5234
6367 4115
905 340
7111 645
5374 5181
8389 5367
9886 7915
5294 3926
2183 2926
1360 6981
7690 8087
7218 5947
5256 446
9061 8199
497 5088
7315 1083
3246 2149
8586 6645
177 1915
9117 6339
9907 2913
718 8296
2100 5899
8100 8339
2005 627
7177 1206
9417 170
271 9335
3903 5918
4119 6380
8971 84
7350 849
1865 158
6051 7093
9714 793
8959 4739
4407 7623
8412 8971
1151 4422
9345 70
8845 7360
7878 6987
285 4264
2716 1621
275 7245
7573 3756
8561 815
7101 6040
3733 200
9741 1110
1347 2893
7349 8036
56 6475
4912 7242
3820 2789
7305 7239
1698 1690
6885 4741
4209 2473
7940 6168
360 7626
3967 6113
6379 6182
7829 4853
9326 5921
9903 8632
2769 8434
5384 1476
5829 1017
8044 2989
8501 109
7898 6059
2612 6242
4583 3221
4688 4942
7076 3805
102 4433
6188 2234
2369 2674
2566 4247
743 9488
5428 7996
5454 4177
751 1417
9406 2422
2776 4688
2864 1608
2698 7586
3830 9750
7043 3331
4532 6074
4395 844
3712 2006
4865 4772
6912 7062
7588 7216
2313 1862
9100 7165
3226 8855
8895 1323
4581 9795
9119 3340
4566 501
8939 6509
2808 3463
9958 6835
1904 5650
642 433
3944 4702
9135 4355
1653 9290